A
1100 Generated by WorldEditor 1.6.1r2

1     54 0 0 AYZ Zahns Airport
1302 city North Amityville
1302 country USA
1302 state NY
100 17.81 1 0 0.25 0 2 0 18  40.71229972 -073.39903662    0    0 0 0 0 0 36  40.70179256 -073.39487934    0    0 0 0 0 0
100 15.24 1 0 0.45 0 2 0 11  40.71225447 -073.40215359    0    0 0 0 0 0 29  40.71247808 -073.39165286    0    0 0 0 0 0
110 4 0.25 0.0000 Main Ramp N
111  40.71169468 -073.40077898
111  40.71169606 -073.40070383
111  40.71222097 -073.40069876
113  40.71221948 -073.40078949
110 4 0.00 0.0000 New Taxiway 2
111  40.71236962 -073.39913420
111  40.71237517 -073.39900429
111  40.71275664 -073.39917329
113  40.71276716 -073.39929184
110 1 0.45 87.7000 Turnaround 27
112  40.71245632 -073.39206447  40.71237691 -073.39206089
112  40.71226817 -073.39181446  40.71227147 -073.39168187
112  40.71244885 -073.39157308  40.71254494 -073.39157481
114  40.71263602 -073.39182861  40.71263063 -073.39198795
110 1 0.45 162.9000 Turnaround 36
112  40.70186466 -073.39509556  40.70178515 -073.39509213
112  40.70166314 -073.39486944  40.70166645 -073.39474232
112  40.70183225 -073.39462446  40.70192845 -073.39462612
114  40.70201964 -073.39486944  40.70201424 -073.39502220
110 1 0.45 87.7000 Turnaround 11
112  40.71224027 -073.40223167  40.71216021 -073.40222833
112  40.71209145 -073.40200273  40.71209379 -073.40189268
112  40.71225119 -073.40178306  40.71234402 -073.40178639
114  40.71239703 -073.40201307  40.71239366 -073.40213783
110 4 0.25 0.0000 South Elbow
111  40.70265166 -073.39529566
112  40.70209632 -073.39541696  40.70191271 -073.39532049
111  40.70182845 -073.39512888
111  40.70188321 -073.39508843
112  40.70214249 -073.39530149  40.70229945 -073.39534494
113  40.70249202 -073.39521302
110 1 0.25 166.5000 Whitney Ramp
111  40.70841966 -073.39671878
111  40.70774292 -073.39657780
111  40.70780760 -073.39622243
113  40.70848666 -073.39636341
110 1 0.25 77.6000 EW Aircraftsmen
111  40.70995397 -073.39869063
111  40.71033213 -073.39660496
111  40.71043667 -073.39665039
113  40.71006943 -073.39872608
110 4 0.25 80.0000 ANG-Whitney
111  40.70788632 -073.39795055
112  40.70785372 -073.39743647  40.70785235 -073.39736497
112  40.70789216 -073.39685009  40.70788602 -073.39667073
111  40.70784208 -073.39643774
111  40.70815569 -073.39649166
112  40.70800784 -073.39688543  40.70798075 -073.39724540
112  40.70795589 -073.39747862  40.70795461 -073.39756887
113  40.70801023 -073.39798971
110 1 0.25 78.2500 Whitney South
111  40.70710259 -073.39700105
111  40.70720673 -073.39609494
111  40.70730583 -073.39594997
113  40.70718315 -073.39702315
110 1 0.25 164.5000 W Taxiway A
111  40.71095485 -073.40047878
112  40.71004751 -073.39885982  40.70988958 -073.39872097
111  40.70861074 -073.39831219
111  40.70862439 -073.39821346
112  40.71011590 -073.39875403  40.71033940 -073.39896782
113  40.71110158 -073.40049905
110 4 0.25 80.0000 AYZ-Whitney
111  40.70860563 -073.39830720
112  40.70821645 -073.39792059  40.70815453 -073.39776980
111  40.70812945 -073.39748879
111  40.70822203 -073.39753590
112  40.70828807 -073.39789428  40.70834124 -073.39804262
113  40.70861406 -073.39821465
110 1 0.25 71.4000 Aircraft Cleaners
111  40.70326000 -073.39554000
111  40.70337000 -073.39490000
111  40.70343000 -073.39492000
113  40.70334000 -073.39548000
110 1 0.25 71.4000 Daily News
111  40.70368277 -073.39562634
111  40.70374277 -073.39500664
111  40.70383277 -073.39492000
113  40.70378277 -073.39563925
110 4 0.25 0.0000 NE Taxi
111  40.71034410 -073.39674122
112  40.71106228 -073.39699310  40.71111948 -073.39699152
112  40.71193570 -073.39651465  40.71197506 -073.39631988
111  40.71215701 -073.39220279
112  40.71221614 -073.39198955  40.71235332 -073.39199362
111  40.71227329 -073.39221779
112  40.71206489 -073.39659583  40.71202557 -073.39680366
112  40.71111362 -073.39714790  40.71102761 -073.39715002
113  40.71030552 -073.39682694
110 4 0.25 162.5600 W Taxiway A1
111  40.70861009 -073.39831159
112  40.70821955 -073.39800923  40.70816609 -073.39797056
112  40.70782698 -073.39772297  40.70773716 -073.39768474
112  40.70732590 -073.39768066  40.70725131 -073.39765534
112  40.70205559 -073.39558933  40.70198597 -073.39553980
111  40.70173281 -073.39494489
111  40.70182562 -073.39498303
112  40.70207851 -073.39549961  40.70213261 -073.39554493
112  40.70732652 -073.39753773  40.70737876 -073.39756369
112  40.70784706 -073.39759187  40.70795651 -073.39762847
112  40.70845273 -073.39811353  40.70853227 -073.39817832
113  40.70862431 -073.39821345
110 4 0.25 177.4000 xxx
111  40.71375178 -073.39700443
111  40.71282461 -073.39690194
111  40.71283381 -073.39640898
113  40.71376098 -073.39651147
110 1 0.25 176.8000 Main Ramp
111  40.71168521 -073.40147760
111  40.71091137 -073.40145142
111  40.71093045 -073.40046212
113  40.71169926 -073.40051949
110 1 0.25 0.0000 ANG Ramp
111  40.70761915 -073.39984986
111  40.70773997 -073.39787284
111  40.70813690 -073.39802097
111  40.70811156 -073.39856648
111  40.70839057 -073.39859933
111  40.70835601 -073.39946451
111  40.70808039 -073.39944059
113  40.70805694 -073.39988804
110 4 0.25 0.0000 Parking Loop
111  40.71030443 -073.39924636
112  40.71014858 -073.39910972  40.71017677 -073.39926706
112  40.71026796 -073.39978688  40.71025665 -073.39989540
112  40.70987942 -073.40084990  40.70984076 -073.40091084
112  40.70921805 -073.40122599  40.70914469 -073.40125665
112  40.70886405 -073.40104804  40.70880172 -073.40097782
112  40.70858955 -073.40064695  40.70856474 -073.40056743
112  40.70837418 -073.40005485  40.70833798 -073.39979213
111  40.70859853 -073.39827317
111  40.70868183 -073.39829981
112  40.70844274 -073.39999864  40.70847267 -073.40016845
112  40.70867231 -073.40063786  40.70870649 -073.40076505
112  40.70891424 -073.40095339  40.70894000 -073.40097718
112  40.70920712 -073.40114992  40.70927259 -073.40111865
112  40.70979229 -073.40077489  40.70982464 -073.40070310
112  40.71017844 -073.39973919  40.71018117 -073.39963767
112  40.70971335 -073.39866565  40.70938379 -073.39844366
113  40.71008030 -073.39883787
110 4 0.25 158.0000 Loop A
111  40.70993660 -073.40064585
111  40.70849067 -073.39986547
111  40.70849314 -073.39975071
113  40.70997303 -073.40056543
110 4 0.25 156.5000 Loop B
111  40.71011706 -073.40032521
111  40.70849792 -073.39939435
111  40.70850911 -073.39929436
113  40.71013463 -073.40023688
110 4 0.25 156.2000 Loop C
111  40.71019324 -073.39992080
111  40.70856679 -073.39897022
111  40.70858144 -073.39889205
113  40.71020521 -073.39983803
110 4 0.25 87.0000 xxx
111  40.71260160 -073.40121383
111  40.71290501 -073.39702483
111  40.71297595 -073.39704900
113  40.71265021 -073.40137248
110 4 0.25 164.0000 Main E Taxiway
111  40.71228493 -073.39838436
111  40.70719719 -073.39659605
111  40.70721987 -073.39649170
113  40.71228745 -073.39824063
110 4 0.25 165.2000 SE Main Taxi
111  40.70721702 -073.39663139
111  40.70375480 -073.39539497
111  40.70376351 -073.39530008
113  40.70723804 -073.39652644
110 4 0.25 0.0000 Whitney N
111  40.70846126 -073.39642493
112  40.70924071 -073.39642304  40.70933125 -073.39642649
112  40.71049195 -073.39686323  40.71060606 -073.39709584
111  40.71042673 -073.39767608
111  40.71031498 -073.39763290
112  40.71039935 -073.39690786  40.71031354 -073.39672964
112  40.70930138 -073.39652656  40.70918908 -073.39650539
113  40.70843791 -073.39655415
110 4 0.25 83.6000 Cafeteria A
111  40.71048656 -073.40227590
111  40.71057507 -073.40117586
111  40.71065684 -073.40118797
113  40.71056834 -073.40228800
110 4 0.25 83.6000 Cafeteria B
111  40.71029768 -073.40225797
111  40.71037395 -073.40130179
111  40.71045573 -073.40131389
113  40.71037946 -073.40227007
110 4 0.25 83.6000 Cafeteria C
111  40.71011575 -073.40222239
111  40.71018988 -073.40129138
111  40.71027166 -073.40130348
113  40.71019753 -073.40223449
110 4 0.25 83.6000 Cafeteria D
111  40.71008018 -073.40098755
112  40.71009145 -073.40118849  40.71010416 -073.40121592
111  40.70999262 -073.40185168
112  40.70995234 -073.40187926  40.70992095 -073.40187200
111  40.70991320 -073.40184730
112  40.71001834 -073.40120391  40.71002649 -073.40117350
113  40.71001909 -073.40100724
110 4 0.25 0.0000 xxx
111  40.71002793 -073.40116994
111  40.71062791 -073.40118069
111  40.71061773 -073.40131737
113  40.71001368 -073.40129857
110 4 0.25 88.0000 xxx
111  40.71077540 -073.40118138
111  40.71080124 -073.40020494
111  40.71092460 -073.40021062
113  40.71089876 -073.40118706
110 4 0.25 0.0000 xxx
111  40.71001898 -073.40092477
111  40.71078702 -073.40092477
111  40.71078702 -073.40101523
113  40.71001898 -073.40101523
110 1 0.25 176.2000 AFS Lot
111  40.71167531 -073.40176211
111  40.71145361 -073.40175649
111  40.71146868 -073.40113587
113  40.71169471 -073.40115670
110 4 0.25 0.0000 N Connector 1
111  40.71166048 -073.39689288
112  40.71206530 -073.39659148  40.71205076 -073.39666825
112  40.71226059 -073.39660816  40.71233704 -073.39663391
111  40.71283968 -073.39661452
111  40.71287804 -073.39670678
112  40.71222660 -073.39677411  40.71215889 -073.39678793
112  40.71196710 -073.39680551  40.71184628 -073.39679161
113  40.71109296 -073.39715190
110 4 0.25 33.0000 Shop
111  40.71179444 -073.40208613
111  40.71214324 -073.40206687
111  40.71215820 -073.40213606
113  40.71179562 -073.40215488
110 4 0.25 0.0000 Cross-Taxi 1
111  40.70717920 -073.39697078
112  40.70713504 -073.39709852  40.70711346 -073.39717494
111  40.70705785 -073.39746899
111  40.70701438 -073.39745108
112  40.70708627 -073.39707915  40.70708820 -073.39701724
113  40.70709586 -073.39694760
110 4 0.25 0.0000 Cross-Taxi 2
111  40.70626973 -073.39673277
111  40.70618981 -073.39715895
111  40.70614034 -073.39712481
113  40.70621101 -073.39671588
110 4 0.00 0.0000 Cross-Taxi 3
111  40.70464793 -073.39611226
111  40.70456611 -073.39649136
111  40.70448540 -073.39644764
113  40.70456042 -073.39607316
110 4 0.25 177.3300 Uyldert 1
111  40.71249617 -073.40220041
111  40.71234022 -073.40215984
111  40.71235852 -073.40212422
113  40.71249477 -073.40215788
110 4 0.25 177.3300 Uyldert 2
111  40.71250534 -073.40206523
111  40.71236605 -073.40205323
111  40.71237102 -073.40200882
113  40.71250394 -073.40202160
110 4 0.25 177.3300 Uyldert 3
111  40.71251411 -073.40191246
111  40.71235988 -073.40191015
111  40.71235269 -073.40186861
113  40.71251976 -073.40186334
110 4 0.25 177.3300 Uyldert 4
111  40.71251076 -073.40179940
111  40.71232273 -073.40178732
111  40.71232207 -073.40174481
113  40.71251268 -073.40174682
110 4 0.25 177.3300 Uyldert Cross
111  40.71248742 -073.40220108
111  40.71249803 -073.40159655
111  40.71252681 -073.40159539
113  40.71251835 -073.40221526
110 4 0.25 177.3300 Uyldert 5
111  40.71251131 -073.40169199
111  40.71231956 -073.40168154
111  40.71232387 -073.40163085
113  40.71251075 -073.40163940
130 Airport Boundary
111  40.69808250 -073.39293983
111  40.71147038 -073.39591848
114  40.71463474 -073.39817899  40.71742137 -073.41231851
14  40.71131100 -073.40122200   0.00 0 Tower Viewpoint
1300  40.70797839 -073.39907550  80.00 misc props Air National Guard
1301 C none 
1300  40.71112389 -073.40126398  90.00 misc props Main Hangar
1301 C none 
1300  40.71249854 -073.40218161 160.71 misc props Sig Uyldert
1301 C none 
1300  40.71028249 -073.39652183 330.00 misc props Aircraftsmen Hangar
1301 C none 
1300  40.71151717 -073.40093180  90.00 misc props Amityville Flight School
1301 C none 
1300  40.70840379 -073.39668821 129.54 misc props Whitney Hangar
1301 C none 
1300  40.71015869 -073.40218269  31.44 misc props Zahns Coffee Shop
1301 C none 
1300  40.70922800 -073.39629400 265.00 misc props CAP
1301 C none 
1300  40.70392654 -073.39541764 122.75 misc props Daily News
1301 C none 
51 12280 CTAF/UNICOM
55 12740 NEW YORK CENTER
55 13435 KENNEDY APP
56 13490 KENNEDY DEP

1     54 0 0 AYZ Zahns Airport
100 18.00 1 0 0.25 0 2 0 18  40.71229972 -073.39903662    0    0 0 0 0 0 36  40.70179256 -073.39487934    0    0 0 0 0 0
100 15.00 1 0 0.45 0 2 0 11  40.71225447 -073.40215359    0    0 0 0 0 0 29  40.71247808 -073.39165286    0    0 0 0 0 0
110 4 0.25 0.0000 Main Ramp N
111  40.71169468 -073.40077898
111  40.71169606 -073.40070383
111  40.71222097 -073.40069876
113  40.71221948 -073.40078949
110 4 0.00 0.0000 New Taxiway 2
111  40.71236962 -073.39913420
111  40.71237517 -073.39900429
111  40.71275664 -073.39917329
113  40.71276716 -073.39929184
110 1 0.45 162.9000 Turnaround 36
112  40.70186466 -073.39509556  40.70178515 -073.39509213
112  40.70166314 -073.39486944  40.70166645 -073.39474232
112  40.70183225 -073.39462446  40.70192845 -073.39462612
114  40.70201964 -073.39486944  40.70201424 -073.39502220
110 1 0.45 87.7000 Turnaround 11
112  40.71224027 -073.40223166  40.71216021 -073.40222833
112  40.71209145 -073.40200273  40.71209379 -073.40189267
112  40.71225119 -073.40178306  40.71234402 -073.40178639
114  40.71239702 -073.40201307  40.71239366 -073.40213783
110 1 0.25 77.6000 EW Aircraftsmen
111  40.70995397 -073.39869062
111  40.71033213 -073.39660496
111  40.71043667 -073.39665039
113  40.71006943 -073.39872608
110 4 0.25 80.0000 ANG-Whitney
111  40.70788632 -073.39795055
112  40.70785372 -073.39743647  40.70785235 -073.39736497
112  40.70789216 -073.39685009  40.70788602 -073.39667073
111  40.70784208 -073.39643774
111  40.70815569 -073.39649166
112  40.70800784 -073.39688543  40.70798075 -073.39724540
112  40.70795589 -073.39747862  40.70795461 -073.39756887
113  40.70801023 -073.39798971
110 1 0.25 78.2500 Whitney South
111  40.70710259 -073.39700105
111  40.70720673 -073.39609494
111  40.70730583 -073.39594997
113  40.70718315 -073.39702315
110 1 0.25 164.5000 W Taxiway A
111  40.71095486 -073.40047878
112  40.71004751 -073.39885982  40.70988958 -073.39872097
111  40.70861074 -073.39831219
111  40.70862439 -073.39821345
112  40.71011590 -073.39875403  40.71033940 -073.39896782
113  40.71110158 -073.40049904
110 4 0.25 80.0000 AYZ-Whitney
111  40.70860563 -073.39830720
112  40.70821645 -073.39792059  40.70815453 -073.39776980
111  40.70812945 -073.39748879
111  40.70822203 -073.39753590
112  40.70828807 -073.39789428  40.70834124 -073.39804262
113  40.70861406 -073.39821465
110 1 0.25 71.4000 Aircraft Cleaners
111  40.70326000 -073.39554000
111  40.70337000 -073.39490000
111  40.70343000 -073.39492000
113  40.70334000 -073.39548000
110 1 0.25 71.4000 Daily News
111  40.70368277 -073.39562634
111  40.70374277 -073.39500664
111  40.70383277 -073.39492000
113  40.70378277 -073.39563925
110 4 0.25 0.0000 NE Taxi
111  40.71034410 -073.39674122
112  40.71106228 -073.39699310  40.71111949 -073.39699152
112  40.71193570 -073.39651465  40.71197506 -073.39631988
111  40.71215701 -073.39220279
112  40.71221614 -073.39198954  40.71235332 -073.39199362
111  40.71227329 -073.39221779
112  40.71206489 -073.39659583  40.71202558 -073.39680366
112  40.71111362 -073.39714789  40.71102761 -073.39715002
113  40.71030552 -073.39682694
110 4 0.25 162.5600 W Taxiway A1
111  40.70861009 -073.39831159
112  40.70821955 -073.39800923  40.70816609 -073.39797057
112  40.70782698 -073.39772297  40.70773716 -073.39768474
112  40.70732590 -073.39768066  40.70725131 -073.39765534
112  40.70205559 -073.39558933  40.70198597 -073.39553980
111  40.70173281 -073.39494489
111  40.70182562 -073.39498303
112  40.70207851 -073.39549961  40.70213261 -073.39554493
112  40.70732652 -073.39753773  40.70737876 -073.39756369
112  40.70784705 -073.39759187  40.70795651 -073.39762847
112  40.70845273 -073.39811354  40.70853227 -073.39817832
113  40.70862431 -073.39821345
110 4 0.25 177.4000 xxx
111  40.71375178 -073.39700443
111  40.71282461 -073.39690194
111  40.71283381 -073.39640898
113  40.71376098 -073.39651147
110 1 0.25 176.8000 Main Ramp
111  40.71168521 -073.40147760
111  40.71091137 -073.40145142
111  40.71093045 -073.40046212
113  40.71169926 -073.40051949
110 1 0.25 0.0000 ANG Ramp
111  40.70761915 -073.39984986
111  40.70773997 -073.39787284
111  40.70813690 -073.39802098
111  40.70811156 -073.39856648
111  40.70839057 -073.39859933
111  40.70835601 -073.39946451
111  40.70808039 -073.39944059
113  40.70805693 -073.39988804
110 4 0.25 0.0000 Parking Loop
111  40.71030443 -073.39924636
112  40.71014858 -073.39910972  40.71017677 -073.39926706
112  40.71026796 -073.39978688  40.71025665 -073.39989540
112  40.70987942 -073.40084990  40.70984076 -073.40091084
112  40.70921805 -073.40122599  40.70914469 -073.40125664
112  40.70886405 -073.40104804  40.70880172 -073.40097782
112  40.70858955 -073.40064694  40.70856474 -073.40056743
112  40.70837418 -073.40005485  40.70833798 -073.39979214
111  40.70859853 -073.39827317
111  40.70868183 -073.39829981
112  40.70844274 -073.39999864  40.70847267 -073.40016845
112  40.70867231 -073.40063786  40.70870649 -073.40076505
112  40.70891424 -073.40095339  40.70894000 -073.40097718
112  40.70920712 -073.40114992  40.70927259 -073.40111865
112  40.70979229 -073.40077489  40.70982464 -073.40070310
112  40.71017844 -073.39973919  40.71018117 -073.39963767
112  40.70971335 -073.39866565  40.70938379 -073.39844366
113  40.71008030 -073.39883787
110 4 0.25 158.0000 Loop A
111  40.70993659 -073.40064585
111  40.70849067 -073.39986547
111  40.70849314 -073.39975071
113  40.70997303 -073.40056543
110 4 0.25 156.5000 Loop B
111  40.71011706 -073.40032521
111  40.70849792 -073.39939435
111  40.70850912 -073.39929436
113  40.71013463 -073.40023687
110 4 0.25 156.2000 Loop C
111  40.71019324 -073.39992080
111  40.70856679 -073.39897022
111  40.70858144 -073.39889205
113  40.71020521 -073.39983803
110 4 0.25 87.0000 xxx
111  40.71260160 -073.40121383
111  40.71290501 -073.39702483
111  40.71297595 -073.39704900
113  40.71265021 -073.40137248
110 4 0.25 164.0000 Main E Taxiway
111  40.71228493 -073.39838436
111  40.70719719 -073.39659605
111  40.70721987 -073.39649170
113  40.71228745 -073.39824063
110 4 0.25 165.2000 SE Main Taxi
111  40.70721702 -073.39663139
111  40.70375480 -073.39539497
111  40.70376351 -073.39530008
113  40.70723804 -073.39652644
110 4 0.25 0.0000 Whitney N
111  40.70846126 -073.39642493
112  40.70924072 -073.39642304  40.70933125 -073.39642649
112  40.71049194 -073.39686323  40.71060606 -073.39709584
111  40.71042673 -073.39767608
111  40.71031498 -073.39763290
112  40.71039935 -073.39690786  40.71031354 -073.39672964
112  40.70930137 -073.39652656  40.70918908 -073.39650539
113  40.70843791 -073.39655415
110 4 0.25 83.6000 Cafeteria A
111  40.71048656 -073.40227590
111  40.71057507 -073.40117587
111  40.71065684 -073.40118797
113  40.71056834 -073.40228800
110 4 0.25 83.6000 Cafeteria B
111  40.71029768 -073.40225797
111  40.71037395 -073.40130179
111  40.71045573 -073.40131389
113  40.71037946 -073.40227007
110 4 0.25 83.6000 Cafeteria C
111  40.71011575 -073.40222239
111  40.71018988 -073.40129138
111  40.71027166 -073.40130348
113  40.71019753 -073.40223449
110 4 0.25 83.6000 Cafeteria D
111  40.71008018 -073.40098755
112  40.71009145 -073.40118849  40.71010416 -073.40121592
111  40.70999262 -073.40185168
112  40.70995234 -073.40187926  40.70992095 -073.40187200
111  40.70991320 -073.40184730
112  40.71001834 -073.40120391  40.71002649 -073.40117350
113  40.71001909 -073.40100724
110 4 0.25 0.0000 xxx
111  40.71002793 -073.40116994
111  40.71062791 -073.40118069
111  40.71061773 -073.40131737
113  40.71001368 -073.40129857
110 4 0.25 88.0000 xxx
111  40.71077540 -073.40118138
111  40.71080124 -073.40020494
111  40.71092460 -073.40021062
113  40.71089876 -073.40118706
110 4 0.25 0.0000 xxx
111  40.71001898 -073.40092477
111  40.71078702 -073.40092477
111  40.71078702 -073.40101523
113  40.71001898 -073.40101523
110 1 0.25 176.2000 AFS Lot
111  40.71167531 -073.40176211
111  40.71145361 -073.40175649
111  40.71146868 -073.40113587
113  40.71169471 -073.40115670
110 4 0.25 0.0000 N Connector 1
111  40.71166048 -073.39689288
112  40.71206530 -073.39659148  40.71205076 -073.39666825
112  40.71226059 -073.39660816  40.71233704 -073.39663391
111  40.71283968 -073.39661452
111  40.71287804 -073.39670678
112  40.71222660 -073.39677411  40.71215889 -073.39678793
112  40.71196710 -073.39680551  40.71184628 -073.39679161
113  40.71109296 -073.39715190
110 4 0.25 33.0000 Shop
111  40.71179444 -073.40208613
111  40.71214324 -073.40206687
111  40.71215820 -073.40213606
113  40.71179562 -073.40215488
110 4 0.25 0.0000 Cross-Taxi 1
111  40.70717920 -073.39697078
112  40.70713504 -073.39709852  40.70711346 -073.39717494
111  40.70705785 -073.39746899
111  40.70701438 -073.39745108
112  40.70708627 -073.39707915  40.70708820 -073.39701724
113  40.70709586 -073.39694760
110 4 0.25 0.0000 Cross-Taxi 2
111  40.70626973 -073.39673277
111  40.70618981 -073.39715895
111  40.70614034 -073.39712482
113  40.70621101 -073.39671588
110 4 0.00 0.0000 Cross-Taxi 3
111  40.70464793 -073.39611226
111  40.70456611 -073.39649136
111  40.70448540 -073.39644764
113  40.70456042 -073.39607316
110 4 0.25 177.3300 Uyldert 1
111  40.71249617 -073.40220041
111  40.71234022 -073.40215984
111  40.71235852 -073.40212422
113  40.71249477 -073.40215788
110 4 0.25 177.3300 Uyldert 2
111  40.71250534 -073.40206523
111  40.71236605 -073.40205323
111  40.71237102 -073.40200882
113  40.71250394 -073.40202160
110 4 0.25 177.3300 Uyldert 3
111  40.71251411 -073.40191246
111  40.71235988 -073.40191015
111  40.71235269 -073.40186861
113  40.71251976 -073.40186334
110 4 0.25 177.3300 Uyldert 4
111  40.71251076 -073.40179940
111  40.71232273 -073.40178732
111  40.71232207 -073.40174481
113  40.71251268 -073.40174682
110 4 0.25 177.3300 Uyldert Cross
111  40.71248742 -073.40220108
111  40.71249803 -073.40159655
111  40.71252681 -073.40159539
113  40.71251835 -073.40221526
110 4 0.25 177.3300 Uyldert 5
111  40.71251131 -073.40169199
111  40.71231956 -073.40168154
111  40.71232386 -073.40163085
113  40.71251075 -073.40163940
130 Airport Boundary
111  40.69808250 -073.39293983
111  40.71173644 -073.39631954
114  40.71442568 -073.39815392  40.71721232 -073.41229344
14  40.71131100 -073.40122200   0.00 0 Tower Viewpoint
15  40.71112389 -073.40126398  90.00 Main Hangar
15  40.71249854 -073.40218161 160.71 Sig Uyldert
15  40.71151717 -073.40093180  90.00 Amityville Flight School
15  40.70840379 -073.39668821 129.54 Whitney Hangar
15  40.71015869 -073.40218269  31.44 Zahns Coffee Shop
15  40.70797839 -073.39907550  80.00 Air National Guard
15  40.70922800 -073.39629400 265.00 CAP
15  40.70392654 -073.39541764 122.75 Daily News
51 12280 CTAF/UNICOM
55 12740 NEW YORK CENTER
55 13435 KENNEDY APP
56 13490 KENNEDY DEP
99
